0 0.971980 0.727278 0.056039 0.103389
0 0.836344 0.622993 0.085000 0.087486
0 0.834852 0.554944 0.077047 0.066278
0 0.722508 0.552736 0.063125 0.076000
0 0.593266 0.531972 0.045234 0.052139
0 0.625578 0.506785 0.048219 0.054792
0 0.531875 0.675583 0.069594 0.104278
0 0.440906 0.582799 0.051703 0.067181
0 0.500062 0.562465 0.061641 0.065403
0 0.289789 0.599111 0.080531 0.163444
0 0.341484 0.546556 0.042750 0.065389
0 0.250023 0.517396 0.043750 0.068931
0 0.351680 0.470118 0.042250 0.062736
0 0.254250 0.453319 0.029328 0.038000
0 0.243793 0.432556 0.039305 0.028278
0 0.176945 0.392333 0.016891 0.025611
0 0.199543 0.397236 0.022320 0.023028
0 0.215973 0.398535 0.013414 0.020319
0 0.284324 0.401625 0.025852 0.028278
0 0.325578 0.415764 0.026844 0.031806
0 0.364852 0.435208 0.036781 0.038889
0 0.383492 0.428139 0.020375 0.031806
0 0.431461 0.423278 0.033797 0.034472
0 0.449359 0.461278 0.047719 0.046833
0 0.493598 0.457743 0.030820 0.039764
0 0.516461 0.440951 0.042750 0.041542
