0 0.261113 0.943625 0.094773 0.096278
0 0.624125 0.867660 0.120156 0.185042
0 0.301727 0.652535 0.054156 0.094792
0 0.258148 0.549493 0.039766 0.066181
0 0.330918 0.540465 0.038086 0.060181
0 0.424848 0.560778 0.048227 0.070694
0 0.371961 0.508875 0.044000 0.045139
0 0.273379 0.488569 0.039773 0.046639
0 0.319922 0.479549 0.038078 0.043625
0 0.775461 0.650271 0.084875 0.095681
0 0.965359 0.609792 0.069281 0.103056
0 0.821516 0.557340 0.067281 0.064403
0 0.803922 0.507660 0.065203 0.064403
0 0.710250 0.549028 0.053828 0.062500
0 0.681266 0.496618 0.051750 0.049681
0 0.572066 0.520542 0.042445 0.046000
0 0.564820 0.475458 0.050719 0.044167
0 0.388344 0.423931 0.024844 0.036806
0 0.364020 0.411972 0.023805 0.023917
0 0.343828 0.433674 0.025703 0.033819
0 0.302273 0.421208 0.021359 0.024333
0 0.284086 0.402812 0.025031 0.030264
0 0.248211 0.401924 0.028703 0.023736
0 0.217840 0.394771 0.022695 0.021292
