0 0.308883 0.530813 0.045359 0.075181
0 0.236688 0.520729 0.035078 0.062347
0 0.344484 0.490465 0.040234 0.049514
0 0.296520 0.460201 0.041258 0.051347
0 0.193137 0.478319 0.015539 0.043417
0 0.191191 0.442806 0.030523 0.033556
0 0.178984 0.415667 0.017203 0.024667
0 0.188418 0.393972 0.020539 0.028611
0 0.252520 0.402354 0.022195 0.029597
0 0.332191 0.427021 0.032805 0.037486
0 0.339926 0.411229 0.028305 0.025653
0 0.421785 0.423076 0.036633 0.029597
0 0.505781 0.461611 0.039953 0.036500
0 0.562027 0.490597 0.042445 0.045556
0 0.567562 0.447764 0.041281 0.037389
0 0.632957 0.563674 0.046648 0.055736
0 0.664699 0.525944 0.047414 0.056417
0 0.829887 0.615028 0.066539 0.063278
0 0.435781 0.896667 0.103156 0.190722
0 0.274336 0.839819 0.077422 0.128361
0 0.855109 0.950167 0.100062 0.099667
0 0.862008 0.712208 0.094828 0.109444
0 0.599281 0.644514 0.064984 0.089861
0 0.382656 0.626174 0.052609 0.075181
