0 0.264598 0.894417 0.118320 0.179111
0 0.625410 0.676778 0.076148 0.085389
0 0.285684 0.628882 0.062086 0.106208
0 0.474875 0.629924 0.053891 0.074986
0 0.545164 0.585118 0.056234 0.081153
0 0.438563 0.578903 0.051547 0.056222
0 0.459664 0.518521 0.046828 0.060375
0 0.380582 0.514354 0.045711 0.064542
0 0.383500 0.475812 0.032797 0.033319
0 0.328445 0.537250 0.042172 0.056222
0 0.290371 0.498715 0.033977 0.045819
0 0.278656 0.459146 0.033969 0.037486
0 0.230625 0.469562 0.038656 0.037486
0 0.322586 0.444576 0.042172 0.049986
0 0.272215 0.436243 0.028117 0.037486
0 0.237656 0.437285 0.036313 0.035403
0 0.174980 0.377931 0.067945 0.083306
0 0.227699 0.405007 0.023430 0.020819
0 0.254645 0.397715 0.021086 0.027069
0 0.300328 0.403965 0.028109 0.022903
0 0.265770 0.418542 0.024602 0.018750
0 0.342504 0.418542 0.018742 0.031250
0 0.370613 0.439368 0.023430 0.035403
0 0.406348 0.450819 0.029289 0.029167
0 0.463746 0.453944 0.036320 0.043722
0 0.516461 0.438326 0.045687 0.045819
0 0.550437 0.473729 0.050375 0.049986
0 0.617223 0.501847 0.050398 0.060389
0 0.662312 0.469562 0.049203 0.049986
0 0.700383 0.538292 0.048031 0.058306
0 0.739625 0.521632 0.037484 0.045819
0 0.780039 0.653875 0.090203 0.102056
0 0.841543 0.617431 0.072633 0.070806
