0 0.655281 0.521632 0.049203 0.049986
0 0.452617 0.959701 0.119484 0.080597
0 0.392871 0.688236 0.065602 0.091639
0 0.266355 0.538292 0.039836 0.058306
0 0.284516 0.500799 0.036313 0.037486
0 0.206629 0.485181 0.032836 0.056222
0 0.242910 0.467493 0.035117 0.054181
0 0.365344 0.513299 0.048031 0.058319
0 0.428016 0.501840 0.046859 0.047903
0 0.500063 0.554951 0.048031 0.058319
0 0.221254 0.424785 0.031633 0.031236
0 0.196066 0.438326 0.021086 0.024986
0 0.869070 0.726764 0.092547 0.102056
0 0.734355 0.614306 0.066773 0.068722
0 0.741969 0.560160 0.051547 0.056236
0 0.777695 0.535167 0.041000 0.060389
0 0.620723 0.555993 0.052711 0.060403
0 0.666996 0.497674 0.035148 0.043736
0 0.561562 0.515382 0.046859 0.041653
0 0.507090 0.444569 0.120664 0.141611
0 0.442074 0.441451 0.030461 0.035403
0 0.348355 0.429993 0.039836 0.037486
0 0.218324 0.396674 0.032805 0.029153
