0 0.293711 0.770847 0.072688 0.132972
0 0.391148 0.634139 0.088484 0.189139
0 0.545477 0.736201 0.072687 0.104875
0 0.736156 0.792389 0.110594 0.157306
0 0.301617 0.595736 0.044266 0.071194
0 0.251570 0.552674 0.036875 0.048681
0 0.508078 0.562042 0.050563 0.067417
0 0.435383 0.573278 0.025297 0.067417
0 0.430117 0.506792 0.046328 0.061806
0 0.329000 0.539563 0.040031 0.052431
0 0.294234 0.508639 0.040031 0.058000
0 0.333738 0.485257 0.036867 0.041208
0 0.371660 0.476826 0.036867 0.050569
0 0.262090 0.488062 0.030586 0.050569
0 0.261098 0.453444 0.032445 0.033444
0 0.288672 0.437875 0.036984 0.046139
0 0.194914 0.390000 0.020766 0.031139
0 0.212109 0.407882 0.017516 0.029986
0 0.260449 0.409611 0.029852 0.035750
0 0.325332 0.422875 0.033742 0.039222
0 0.400281 0.421722 0.031797 0.039222
0 0.735418 0.499007 0.053211 0.057681
0 0.745801 0.581486 0.066180 0.068056
0 0.912883 0.606292 0.079812 0.078444
0 0.920668 0.556688 0.065539 0.066903
0 0.902176 0.455750 0.046711 0.054222
