0 0.249520 0.914014 0.098070 0.154750
0 0.285031 0.688556 0.062562 0.115667
0 0.267699 0.582625 0.048195 0.066139
0 0.237250 0.519493 0.036375 0.051097
0 0.230508 0.448861 0.039766 0.048111
0 0.264316 0.486431 0.036352 0.042083
0 0.176387 0.393236 0.017758 0.018028
0 0.211895 0.402257 0.017758 0.024042
0 0.226691 0.381215 0.027055 0.024042
0 0.241910 0.409014 0.033820 0.028583
0 0.263047 0.393243 0.021984 0.021042
0 0.311672 0.423306 0.027875 0.027056
0 0.311238 0.402257 0.025367 0.021042
0 0.339562 0.548049 0.046500 0.060125
0 0.363227 0.434576 0.031297 0.034569
0 0.374227 0.406014 0.024516 0.028556
0 0.442711 0.463882 0.038047 0.042097
0 0.487934 0.437944 0.033398 0.038028
0 0.576277 0.481174 0.047977 0.051875
0 0.595242 0.462729 0.033391 0.034569
0 0.421039 0.547236 0.052469 0.064694
0 0.498465 0.551750 0.055008 0.055667
0 0.410465 0.678861 0.056695 0.117333
0 0.456582 0.601389 0.052461 0.076722
0 0.523430 0.662319 0.069391 0.117333
0 0.678703 0.962035 0.126078 0.075931
0 0.773477 0.857882 0.112547 0.162458
0 0.703242 0.593118 0.060078 0.075208
0 0.715926 0.511882 0.048258 0.051153
0 0.847531 0.699174 0.086344 0.097792
0 0.877980 0.643514 0.077852 0.076722
