0 0.268969 0.406569 0.029344 0.030583
0 0.459965 0.471049 0.034992 0.041736
0 0.485648 0.459632 0.029672 0.034653
0 0.556957 0.458861 0.034992 0.037833
0 0.614750 0.506083 0.046063 0.050389
0 0.630914 0.484431 0.047391 0.041722
0 0.621391 0.458451 0.046063 0.041736
0 0.765328 0.606868 0.066437 0.074014
0 0.827328 0.550965 0.068203 0.072431
0 0.834859 0.697410 0.085031 0.094486
0 0.971832 0.722000 0.056336 0.097139
0 0.202687 0.393972 0.036422 0.052167
0 0.322598 0.420056 0.027320 0.032389
0 0.395965 0.428528 0.018602 0.016528
0 0.304887 0.400271 0.022258 0.021597
0 0.349410 0.440986 0.026305 0.027472
0 0.434918 0.945688 0.132555 0.108625
0 0.561906 0.773542 0.080953 0.109722
0 0.502207 0.647618 0.066789 0.102542
0 0.282121 0.651215 0.059695 0.095347
0 0.262387 0.545979 0.040477 0.053958
0 0.323609 0.527090 0.047563 0.062958
