0 0.577160 0.478507 0.051602 0.049903
0 0.609789 0.469736 0.039453 0.040472
0 0.779086 0.427771 0.035828 0.047292
0 0.302090 0.415104 0.023523 0.025625
0 0.373043 0.438708 0.031867 0.037778
0 0.407945 0.435340 0.028828 0.036431
0 0.479273 0.436014 0.034906 0.037778
0 0.481551 0.473104 0.039461 0.041819
0 0.264910 0.479181 0.040211 0.051250
0 0.346480 0.488618 0.042492 0.053958
0 0.258461 0.549326 0.042500 0.051264
0 0.274395 0.598562 0.044008 0.066097
0 0.384043 0.626896 0.059945 0.087681
0 0.454613 0.587778 0.056914 0.074194
0 0.454613 0.514257 0.044773 0.056653
0 0.530488 0.723347 0.067539 0.097139
0 0.431852 0.939917 0.137344 0.120167
0 0.820355 0.926368 0.144930 0.144347
0 0.719816 0.597222 0.066773 0.074194
0 0.249355 0.400264 0.021242 0.028333
0 0.214832 0.402285 0.023523 0.026986
0 0.179547 0.389479 0.025797 0.041819
0 0.781281 0.561472 0.081953 0.086333
0 0.845777 0.557424 0.065258 0.072847
0 0.584766 0.523701 0.048594 0.051264
