0 0.981812 0.578056 0.036375 0.065889
0 0.929207 0.608306 0.080930 0.083361
0 0.935262 0.693021 0.082445 0.099514
0 0.810074 0.682937 0.086227 0.087403
0 0.680734 0.721931 0.089250 0.114306
0 0.676574 0.577375 0.056727 0.075306
0 0.854703 0.957451 0.078672 0.085097
0 0.676195 0.964847 0.110438 0.070306
0 0.284008 0.773701 0.077906 0.158681
0 0.397086 0.659403 0.069594 0.131778
0 0.524160 0.693021 0.063539 0.112958
0 0.285895 0.627799 0.046898 0.073958
0 0.274930 0.584771 0.044625 0.047069
0 0.545715 0.582757 0.065805 0.096819
0 0.447766 0.574021 0.052953 0.060514
0 0.331281 0.547799 0.043875 0.053792
0 0.236730 0.523590 0.036305 0.048403
0 0.341113 0.491319 0.039336 0.048417
0 0.345652 0.467111 0.036305 0.032278
0 0.268500 0.449632 0.030250 0.034958
0 0.202691 0.477840 0.030258 0.040403
0 0.241270 0.465771 0.034789 0.040347
0 0.213660 0.440222 0.031008 0.040333
0 0.170547 0.391139 0.014375 0.017472
0 0.188324 0.397188 0.019664 0.024208
0 0.234086 0.399875 0.029500 0.032278
0 0.263207 0.411312 0.027227 0.030931
0 0.314641 0.414000 0.027234 0.022861
0 0.376531 0.422090 0.025500 0.031347
0 0.390859 0.441118 0.033375 0.039181
0 0.472719 0.429931 0.045969 0.059333
0 0.448160 0.465187 0.026445 0.039181
0 0.499797 0.483938 0.041563 0.046458
0 0.536637 0.432722 0.035898 0.036944
0 0.610535 0.474403 0.040586 0.048111
0 0.662957 0.472896 0.042273 0.048097
0 0.593203 0.536028 0.039734 0.051111
