0 0.668168 0.969389 0.114805 0.058306
0 0.872000 0.931590 0.142922 0.136819
0 0.597879 0.823604 0.093711 0.124958
0 0.659969 0.691361 0.086688 0.110389
0 0.400488 0.680937 0.059742 0.102014
0 0.495965 0.624715 0.063258 0.093708
0 0.531105 0.584104 0.051539 0.058319
0 0.368273 0.586187 0.049203 0.058319
0 0.195480 0.449785 0.026945 0.047903
0 0.248785 0.445618 0.035148 0.043736
0 0.257570 0.481021 0.033969 0.039569
0 0.308527 0.519549 0.037492 0.054153
0 0.331371 0.484146 0.038664 0.054153
0 0.375301 0.524757 0.039836 0.056236
0 0.381156 0.477896 0.037484 0.041653
0 0.443258 0.503924 0.046828 0.060403
0 0.187996 0.391465 0.016148 0.027069
0 0.215074 0.405646 0.023430 0.029153
0 0.174586 0.396903 0.013656 0.026194
0 0.236410 0.403292 0.016539 0.021083
0 0.260672 0.415750 0.021922 0.020444
0 0.295898 0.418625 0.027672 0.024917
0 0.345855 0.403292 0.036305 0.027472
0 0.345320 0.425014 0.028750 0.028750
0 0.417566 0.435236 0.039539 0.041528
0 0.466270 0.448632 0.037023 0.046708
0 0.467348 0.423417 0.030555 0.029389
0 0.545523 0.461757 0.037375 0.044736
0 0.543191 0.504569 0.049242 0.058778
0 0.628191 0.517347 0.051039 0.056222
0 0.645449 0.569743 0.060383 0.058792
0 0.765500 0.633646 0.075484 0.081792
0 0.702957 0.504569 0.054633 0.052389
0 0.920773 0.657924 0.094891 0.094569
