0 0.772465 0.653049 0.070586 0.078653
0 0.237348 0.410021 0.026352 0.030931
0 0.191613 0.398979 0.019383 0.021208
0 0.267422 0.411785 0.018891 0.025625
0 0.315145 0.407806 0.025852 0.028278
0 0.326078 0.425924 0.028828 0.025625
0 0.307191 0.471444 0.038773 0.042417
0 0.273871 0.483840 0.036805 0.052958
0 0.239582 0.531528 0.035789 0.047722
0 0.398402 0.447583 0.030320 0.042417
0 0.429477 0.435646 0.034797 0.036236
0 0.378520 0.614187 0.054180 0.085792
0 0.478187 0.615486 0.061641 0.086611
0 0.498070 0.476743 0.040766 0.045958
0 0.556727 0.475854 0.055672 0.072458
0 0.592516 0.464812 0.034797 0.060986
0 0.275125 0.703465 0.061141 0.089153
0 0.272891 0.828458 0.074563 0.137861
0 0.459547 0.953111 0.119797 0.093778
0 0.609418 0.885458 0.111352 0.159944
0 0.688207 0.734785 0.089977 0.134319
0 0.633777 0.562903 0.052695 0.055667
0 0.767246 0.565556 0.063133 0.066278
0 0.813973 0.521368 0.056164 0.055681
0 0.760285 0.400306 0.028336 0.038000
0 0.967266 0.704278 0.065469 0.108667
